186 723 377 937
310 616 516 813
275 933 487 1126
407 786 633 982
572 629 776 832
404 1084 593 1271
526 970 726 1164
637 812 831 1007
799 687 991 888
904 539 1100 730
1110 309 1345 563
1323 238 1531 450
1112 558 1316 745
937 713 1153 920
831 912 1032 1104
736 1075 896 1278
564 1191 759 1371
545 1387 737 1589
742 1434 937 1621
808 1274 982 1458
967 1503 1151 1693
1056 1605 1255 1772
967 1249 1163 1433
915 1079 1119 1269
1012 892 1207 1090
1151 705 1347 924
1343 444 1553 648
1502 359 1709 539
1687 394 1878 617
1505 565 1708 758
1337 650 1554 837
1771 566 1973 762
1638 687 1849 884
1473 796 1675 994
1287 870 1477 1074
1133 1093 1330 1286
1168 1307 1355 1475
1287 1186 1461 1373
1342 999 1535 1195
1226 1468 1413 1657
1298 1685 1505 1855
1482 1599 1672 1792
1643 1564 1854 1753
1334 1380 1515 1564
1496 1417 1680 1603
1892 1659 2079 1812
1883 1495 2068 1722
2057 1489 2249 1688
2138 1329 2317 1519
1959 1341 2160 1528
1750 1383 1959 1580
1582 1274 1798 1481
1461 1162 1650 1349
1714 1123 1903 1322
1893 1160 2098 1349
2183 1186 2383 1354
2128 1014 2339 1195
1628 942 1837 1148
1852 963 2077 1151
1799 803 1997 1011
2022 857 2252 1049
1956 684 2164 870
